4 5
0 1 7
1 2 10
3 1 5
0 3 10
3 2 7
0 2

4 5
0 1 7
1 2 10
1 3 5
0 3 10
3 2 7
0 2


16 12
0 1 1
0 2 1
0 3 1
0 4 1
0 5 1
0 6 1
0 7 1
1 9 1
2 8 1
2 10 1
2 11 1
3 9 1
4 9 1


9


20
....................
....................
....................
....................
....................
....................
....................
....................
....................
....................
....................
....................
....................
....................
....................
....................
....................
....................
....................
....................
